46809 168155 19890101 458.0 3.81 
24377 144533 19960314 86.0 0.0204 
23866 141303 19950901 88.0 0.01 
38325 138979 19930601 276.0 0.059 
35332 134967 19800000 159.0 0.027 
24023 147060 19420000 67.0 0.013 
37961 140586 19800000 201.0 0.019 
40785 138211 19940415 222.0 0.0143 
29097 135262 19800000 170.0 0.014 
36024 140633 19940406 172.0 0.055 
31231 135179 19930701 165.0 0.1 LÄN 
37273 138566 19940406 262.3 0.023 
24471 143063 19850129 120.0 0.05 
36452 140895 19940406 175.0 0.03 
25069 145129 19850828 111.0 0.056 
24159 134467 19850200 76.3 0.023 
36321 133058 19800000 206.0 0.033 
39561 132437 19870000 138.0 0.008 
35365 129646 19850327 115.0 0.07 
58555 131768 19951020 195.0 0.007 
34174 152131 19860408 71.0 0.014 
43063 129139 19790000 106.0 0.09 
50331 128489 19800000 115.0 0.034 
48465 126784 19951120 140.0 0.015 
43063 129139 19800000 106.0 0.093 
56848 127260 19960129 203.0 0.0085 
44370 127509 19880420 115.0 0.017 
51441 126020 19840200 150.0 0.02 
64408 143180 19941101 100.0 0.006 
28695 165293 19950901 365.5 0.17 
59448 131723 19951026 185.0 0.009 
39270 130713 19930302 154.0 0.086 
85080 153951 19930301 102.0 0.181 
65425 132485 19880914 274.9 0.189 
83198 144150 19800000 533.3 0.363 
85358 152911 19840202 132.0 0.09 
85358 152911 19930301 132.0 0.093 
07578 160992 19650000 358.0 0.26 
11582 157699 19641000 360.0 0.36 
94983 152425 19941101 247.0 0.218 
83198 144150 19920814 533.0 0.354 
24974 157285 19921201 428.7 0.847 
27644 154492 19890101 487.7 1.8287 
39690 132499 19870000 160.0 0.013 
39791 131788 19940316 167.0 0.092 
25151 145877 19870101 110.0 0.055 
48917 127587 19800000 115.0 0.005 
40736 132779 19910201 239.0 0.039 
40260 131004 19871001 162.0 0.334 
24894 157565 19950901 370.0 0.05 
62603 133687 19890101 182.0 0.207 
63111 149110 19950901 111.0 0.04 
83514 148371 19960116 350.0 0.033 
26946 163473 19800101 500.0 0.061 
31474 160513 19950901 469.0 0.15 
26367 164989 19800000 447.5 0.07 
39362 130682 19800000 130.0 0.018 
38121 128714 19850529 110.0 0.07 
38656 129200 19850529 105.0 0.01 
38898 128197 19790000 95.0 0.025 
39362 130682 19930301 130.0 0.015 
43169 130405 19690301 173.0 0.004 
56728 143744 19800000 180.0 0.141 
59986 129915 19951026 263.0 0.017 
55616 124540 19951130 100.0 0.012 
57865 131912 19951020 104.0 0.019 
59287 143285 19800000 198.4 0.119 
59287 143285 19880701 198.4 0.131 
59291 143603 19880701 176.0 0.106 
74085 135425 19870601 456.0 0.03 
74134 135425 19870601 458.0 0.029 
69136 154027 19950901 143.0 0.06 
74127 135370 19870601 458.0 0.091 
84212 148276 19960116 300.0 0.0082 
69066 135695 19890416 310.5 0.022 
63021 148871 19750101 123.0 0.04 
63021 148871 123.0 0.04 
62975 143450 19800000 202.0 0.045 
62935 151157 106.0 0.04 
63200 132534 19910301 280.0 0.098 
61682 149146 19800000 97.0 0.035 
62935 151157 19650101 106.0 0.0393 
75951 151296 19800000 326.0 0.077 
60861 134776 19800000 111.0 0.064 
81892 154412 19860601 246.0 0.064 
62370 150750 19890101 119.0 0.02 
64491 147261 19650301 275.0 0.1084 
64638 149013 19800000 212.0 0.056 
68008 133080 19800000 279.0 0.008 
67516 144682 19800000 208.0 0.044 
64058 139193 19880406 265.0 0.63 
65824 138763 19960116 272.0 0.015 
65404 143157 19960112 280.0 0.127 
66967 144650 19800000 300.0 0.042 
66930 136011 19951109 238.0 0.047 
63336 150701 19950901 97.0 0.02 
64436 148105 19950901 168.0 0.07 
64927 145863 19800000 301.0 0.021 
66292 142355 19960110 312.0 0.0126 
87122 148404 19850401 224.9 0.193 
83066 148025 19960116 250.0 0.0075 
96387 160288 19880104 192.0 0.081 
97076 155848 19950901 300.0 0.04 
92418 154807 19860516 300.0 0.082 
82777 145380 19920723 348.0 0.223 
92277 146858 19800000 287.0 0.022 
08884 165929 19800000 270.0 0.033 
98275 155194 19800000 339.0 0.078 
95867 155648 19610602 294.0 0.09 
84947 131572 19800000 779.0 0.141 
08091 160916 19950901 380.0 0.04 
33275 177645 144.0 0.11 
23398 153229 19800000 445.0 0.165 
30555 170595 19950901 212.3 0.19 
36055 176275 166.0 0.12 
21443 169574 19800000 202.0 0.053 
27741 168975 19950901 380.0 0.13 
38130 179810 19950901 85.0 0.1 
31321 172614 19800000 215.0 0.051 
28649 173238 19950901 166.0 0.2 
33532 179080 46.0 0.14 
33532 179080 19800000 46.0 0.154 
30459 167044 19950901 345.0 0.08 
32724 171277 19800000 288.0 0.071 
28332 176006 19800100 125.0 0.198 
52338 141451 19930401 145.8 0.035 
72654 133329 19880601 424.0 0.056 
62196 129517 19800000 239.0 0.025 
64678 132739 19910301 255.0 0.196 
62421 130195 19910301 155.0 0.112 
63786 132934 19800000 181.0 0.037 
53277 125128 19850205 136.0 0.02 
56360 132110 19800000 85.0 0.035 
58577 131776 19951020 197.0 0.057 
16057 167206 19890101 216.5 3.76 
16057 167206 19810401 216.5 3.6 
18435 163765 19890101 272.0 2.2262 
27220 160723 19950901 420.0 0.31 
35330 167851 19621130 433.7 0.28 
29602 170787 19950901 203.0 0.37 
34379 179020 19800000 116.0 0.13 
27335 168902 19800000 413.2 0.45 
27063 163391 19800000 500.0 0.54 
27335 168902 19950901 413.2 0.39 
34252 181598 19950901 110.0 0.05 
12922 146073 19890101 -9999.0 1.9055 
12071 160340 19950901 399.0 0.65 
02769 159350 19800000 324.5 0.038 
43400 127585 19730000 117.0 0.0074 
53179 124853 19880420 154.0 0.09 
27147 146213 19700101 652.0 17.9 
27147 146213 19550809 655.3 18.8 
27147 146213 19700102 667.6 33.7 
27147 146213 19890101 667.0 32.79 
58208 161749 19890101 487.5 2.8194 
31641 166400 19950901 332.0 0.28 
25785 158986 19890101 349.5 10.21 
46162 127728 19860000 150.0 0.018 
32273 164263 19890101 360.5 17.42 
62741 145770 19930429 220.2 0.175 
66992 137730 19890101 190.8 1.1208 
69233 139194 19951002 329.7 0.31 
66992 137730 19841105 190.8 1.13 
66992 137730 19800000 190.8 1.177 
61428 138444 19890101 104.3 1.3302 
87369 140503 19800101 513.0 0.168 
04933 138911 19890101 372.4 1.0885 
33666 136711 19900101 163.4 0.21 
33666 136711 19800000 163.4 0.206 
55420 159049 19790000 59.0 0.07 
57235 160631 19830000 42.0 0.04 
79773 154571 19870601 160.7 0.131 
71742 152772 19890601 186.0 0.109 
74397 134266 19880601 490.0 0.271 
62864 145417 19950901 237.1 0.08 
68417 150007 19900118 171.0 0.26 
71332 150223 19941001 203.0 0.208 
81852 152560 19851204 312.0 0.3244 
69466 154866 19900110 171.0 0.087 
51155 126339 19951120 150.0 0.007 
62230 165430 19890101 14.7 0.9233 
84341 158947 19880617 39.0 0.05 
62931 140601 135.0 0.6 
84702 158270 19950901 12.0 0.05 
53729 124796 19951130 170.0 0.009 
21161 164787 19890101 278.0 1.6308 
23773 144212 19960318 54.0 0.0296 
37867 141474 19800000 250.0 0.015 
96091 149101 19890101 360.6 1.3294 
34651 128995 19800000 45.0 0.019 
41655 135334 19861125 192.2 0.198 
04954 160583 19890101 115.0 5.01 
06672 156476 19950901 238.0 0.09 
25914 148075 19940728 106.4 0.323 
37069 136753 19800000 173.2 0.101 
33094 137061 19930901 160.9 0.356 
38673 128186 19790000 43.0 0.18 
37224 128547 19790000 63.0 0.24 
34419 132533 19930701 126.0 0.14 LÄN 
35724 140483 19940406 170.0 0.095 
40242 128516 19880420 77.0 0.05 
98603 159273 19600327 150.8 0.09 
29050 139932 19890101 136.3 1.834 
62499 132565 19881012 228.0 0.245 
34287 152621 19890101 730.6 1.2953 
30050 146627 19921201 454.0 1.484 
43262 184144 19800000 215.0 0.391 
59205 178176 19800000 380.0 0.158 
30898 158748 19890101 420.7 2.8274 
41000 168444 19800000 294.0 0.086 
51948 171660 19890701 347.0 0.77 KOM 
51948 171660 19890101 347.0 0.9854 
50177 179915 19990305 216.0 0.655 
63202 172948 19970112 405.0 0.46 
63202 172948 19890101 405.0 1.6455 
53150 174446 19890101 307.0 1.136 
37780 170245 19800000 239.0 0.067 
32952 157861 19911025 420.0 33.98 
30427 151397 19890101 772.0 2.0976 
47822 154133 19921201 593.0 0.93 
26760 149163 19890101 440.5 15.65 
18729 166608 19890101 229.6 1.9388 
18958 166340 19890101 229.6 6.63 
43221 170185 19860101 2.7 0.74 LÄN 
39225 158336 19921201 470.0 1.414 
37147 161156 19921201 428.0 2.089 
55152 159244 19440000 40.8 0.39 
27871 157323 19890101 350.7 1.4998 
33349 165214 19921201 375.7 0.983 
49330 160119 19890101 420.0 260.66 
49366 174883 19950901 350.0 0.15 
48418 171659 19890101 433.0 3.0623 
25753 153663 19800000 530.5 0.348 
25909 153472 19800000 524.2 1.313 
25909 153472 19890101 524.2 1.2901 
33143 158156 19890101 421.0 7.7 
39759 164638 19890101 437.0 1.8478 
62889 168421 19890101 812.7 1.2599 
50869 172633 403.0 0.1 
47121 155673 19890101 914.0 4.1 
55413 168450 19890101 336.4 11.04 
56891 174360 19890701 360.0 0.25 KOM 
96280 151202 19890101 215.0 1.1514 
65824 170238 19960301 473.0 14.22 
65824 170238 19890101 473.0 15.17 
55374 170150 19890101 338.6 6.25 
56975 181134 19800000 270.0 0.054 
54695 169231 19890101 329.0 6.75 
26757 170358 19800000 337.0 0.023 
60402 129226 19800100 134.0 0.051 
57170 161793 19921201 0.3 1.156 
92793 148112 19890101 235.4 1.7175 
92793 148112 19600700 235.4 1.81 
96210 158556 19921201 188.6 0.663 
96558 157433 19890101 316.0 0.9845 
31371 175637 19800000 148.0 0.029 
39287 154192 19890101 544.0 4.35 
36347 153582 19890101 655.0 1.9149 
81231 156267 19860213 34.1 0.865 
41761 154961 19890101 497.0 1.5099 
40433 159703 19921201 648.0 0.968 
41879 164795 19890101 297.0 1.1776 
38852 163171 19890101 541.0 1.0393 
55768 169050 19890101 360.0 6.55 
36801 136926 19900101 155.4 1.048 
23935 135724 19950826 107.4 0.248 
36801 136926 19921201 155.4 1.031 
58278 128711 19951001 145.0 0.447 
55371 180097 19950901 336.0 0.5 
47189 156022 19890101 756.0 3.1518 
62844 132591 19881020 257.3 0.508 
37239 182851 19950901 140.0 0.32 
58790 142151 19890101 112.1 16.69 
30947 161809 19890101 478.0 3.99 
35773 160219 19890101 452.0 1.0724 
42489 151724 19860829 131.0 0.179 
34690 142635 205.0 14.87 
34690 142635 19890101 205.0 14.11 
31706 151419 19890101 84.9 13.77 
31706 151419 19860400 84.9 13.1 
99219 145949 19800000 380.0 0.116 
35076 142186 19890101 194.8 1.2963 
24352 149531 19930510 87.5 0.18 
38020 142802 19860715 305.9 0.714 
13810 155956 19921201 325.0 0.842 
56412 158952 19830000 47.0 0.15 
34531 148678 19860919 171.0 0.065 
08793 158713 19800000 350.0 0.015 
42877 169932 19860101 1.3 0.46 LÄN 
50527 125025 19850228 78.9 0.44 
03493 156766 19800000 267.0 0.077 
34594 171539 19800000 224.7 0.038 
02496 141704 19890101 297.0 22.26 
38362 181784 19890101 38.6 4.87 
27751 148905 19800000 -9999.0 0.028 
72459 154117 19840326 92.6 0.166 
72572 154398 19840305 86.9 0.08 
87953 150914 19890101 191.7 2.7909 
84314 155001 19830731 121.0 0.22 
45922 129012 19820000 64.0 0.02 
54838 159443 19860617 31.0 0.072 
47050 130644 19950901 113.0 0.07 
87824 153353 19890101 196.8 2.7871 
27808 148918 19800000 -9999.0 0.294 
62552 158303 19890101 0.7 1.282 
62552 158303 19550000 0.7 1.37 
62552 158303 19820101 0.7 1.47 
62322 139339 19890101 157.6 9.1 
31903 147605 217.7 3.58 
31903 147605 19890101 217.7 3.78 
31903 147605 19941101 217.7 3.58 
59236 137481 19890101 52.0 5.48 
17560 158439 19890101 556.0 2.5583 
48969 151740 19800000 35.5 0.187 
64986 153568 19800000 85.0 0.051 
19125 164039 19890101 238.7 2.2295 
30209 176029 19890101 77.6 7.86 
53305 169938 19890101 400.2 1.539 
44044 140063 19921201 229.9 1.256 
33721 133299 19930701 139.6 0.31 LÄN 
36058 177891 19800000 166.0 0.058 
51920 153419 19921201 650.0 2.7 
39454 175763 19950901 300.0 0.3 
48465 174298 19950901 350.0 0.12 
39504 169765 19950901 310.0 0.07 
85806 143266 19890101 434.8 4.06 
29793 133135 19870805 127.0 0.159 
50632 175947 19800000 310.0 0.222 
77097 149458 19890101 224.0 64.47 
70007 150866 19890101 83.8 4.94 
41086 168163 19890101 294.0 2.106 
41086 168163 19800000 294.0 2.03 
99929 137815 19890101 778.0 1.9238 
99929 137815 19800000 778.0 1.948 
43365 130602 19690225 150.0 0.003 
43376 152648 19800000 85.8 0.077 
97572 155904 19620000 333.0 0.26 
95713 157380 19840409 289.8 0.19 
94776 131975 19800000 919.0 0.865 
73119 151476 19950801 212.0 0.1371 
21828 169008 19800000 212.0 0.03 
51801 146294 19800000 140.0 0.039 
29090 171357 19950901 230.0 0.12 
15440 172851 19890101 147.0 2.1412 
60645 129800 19940601 266.0 0.036 
62716 145580 19860903 161.0 0.221 
01707 137207 19890101 511.0 1.042 
51580 141611 19940919 133.0 0.019 
41350 138085 19910124 243.0 0.4057 
60898 130561 19920301 259.0 0.032 
84139 156927 19951127 38.0 0.0279 
32654 179542 19890101 33.0 3.56 
32654 179542 19800000 33.0 3.58 
41149 144106 19890101 211.0 1.9537 
41021 151421 19840201 123.1 3.579 
41021 151421 19890101 123.1 4.01 
26145 153232 19890101 512.0 1.4457 
26145 153232 19800000 512.0 1.485 
44079 127694 19951115 114.0 0.0074 
34760 145766 19800000 271.0 0.061 
23802 147117 19390000 57.0 0.021 
39211 138501 19910130 222.0 0.1264 
41504 134598 19861125 188.0 0.054 
57632 143100 19950901 124.3 0.44 
37009 128694 19800000 67.0 0.046 
34382 134507 171.0 0.12 
29657 172342 19850400 106.0 0.206 
29657 172342 19800000 106.0 0.198 
06716 135167 19890101 414.0 27.912 
06716 135167 19450000 414.0 26.4 
19338 142567 19890101 448.0 9.38 
19338 142567 19500000 448.0 9.34 
40354 133885 19960219 275.0 0.0116 
49196 174197 19950901 372.0 0.21 
34177 137086 19800100 156.7 1.697 
34177 137086 19950625 156.7 1.7484 
34177 137086 19890101 156.7 1.5938 
25625 148055 19841108 110.0 0.03 
88945 156402 19900717 175.9 1.227 
88945 156402 19890101 175.9 1.1659 
51693 147941 19890101 77.4 5.83 
53730 180822 19950901 259.3 0.38 
22064 157001 19890101 361.4 1.7416 
22064 157001 19800000 361.4 1.726 
98516 151440 19890101 288.1 8.43 
32749 163295 19950901 370.0 0.32 
43499 130158 19220704 66.3 17.831 
43499 130158 19890101 66.3 17.49 
53417 144637 19890101 98.0 1.218 
38400 180148 19800000 70.0 0.094 
43902 152539 19890101 72.5 1.789 
44235 151811 19890101 125.6 1.621 
03830 162370 19890101 49.5 5.728 
49811 174148 19890701 370.0 0.05 KOM 
97793 146518 19600101 288.1 7.912 
34140 132350 19800000 130.0 0.015 
38496 133184 19841001 144.0 0.37 
62570 134858 19360821 99.1 3.1949 
62570 134858 19890101 99.1 2.4812 
60698 135174 19890101 84.0 0.769 
56897 161833 19890101 764.4 4.74 
49262 153229 19890101 792.0 2.3065 
46988 162584 19890101 897.0 1.3042 
21463 139472 19890101 0.9 3.3 
31348 163530 19921201 390.0 1.583 
34014 155374 19921201 496.0 0.392 
31690 145084 19800000 184.7 1.76 
31690 145084 19890101 184.7 1.6332 
32231 146008 19920509 222.0 0.7 
45842 146812 19800000 114.7 0.066 
28158 159133 19800000 426.7 1.919 
28158 159133 19890101 426.7 1.889 
26792 144724 19550805 671.0 6.729 
26792 144724 19890101 671.0 6.72 
14067 151489 19921201 261.0 1.97 
37771 184692 19890101 49.3 5.33 
89529 158452 19570401 64.2 13.0762 
89529 158452 19890101 64.2 13.03 
69146 132462 19880601 350.0 0.4 
14244 162156 19800000 500.0 0.09 
18825 169667 19890101 265.0 5.15 
17858 154047 19890101 370.4 1.6719 
25786 175992 19841211 2.0 0.003 
38359 152575 19921201 512.0 1.123 
63099 136089 19800000 123.3 0.291 
38960 138667 19940316 248.0 0.0531 
39175 161114 19890101 640.0 7.39 
33199 150916 19880831 120.0 0.564 
34671 135061 19950201 151.6 0.3061 
27795 166127 19890101 363.6 10.29 
23903 147242 19420000 71.8 0.12 
71681 141802 19330601 231.0 0.0801 
33151 143906 19890101 165.3 3.48 
33151 143906 19370601 165.3 3.48 
30174 135566 19800000 157.7 0.392 
30174 135566 19390601 157.7 0.39 
23832 143454 19960221 90.0 0.011 
55977 128851 19890101 -9999.0 2.3614 
55977 128851 19810701 137.3 2.386 
63920 128711 19890101 121.1 2.9796 
49901 126671 19951120 128.0 0.036 
39576 129666 19790000 99.7 0.034 
85922 132345 19921201 642.0 0.823 
65768 164748 19890101 12.0 0.8855 
65768 164748 19900111 12.0 0.944 
50303 125353 47.1 0.73 
61844 145439 19890101 200.9 1.5803 
61844 145439 19920825 200.9 1.665 
61068 140822 19890101 122.9 1.3217 
94257 157666 19840313 163.0 0.09 
40873 128461 19800000 13.5 4.75 
58068 132244 19971001 69.2 3.44 
40873 128461 19850911 13.5 4.99 
55805 151808 19930803 48.5 1.2102 
58068 132244 19890101 69.5 3.39 
55805 151808 19890101 48.5 1.3049 
40873 128461 19790000 13.5 4.99 
40873 128461 19890101 13.5 4.59 
56832 161545 19921201 18.0 1.847 
54452 159558 19860617 42.0 0.128 
48610 152098 19890101 27.1 2.3882 
48610 152098 19931227 27.1 2.424 
69503 134327 19890101 132.0 1.1373 
12597 160044 19800000 332.0 0.503 
14737 156195 19950901 397.0 0.48 
93542 147190 19670221 360.0 0.01 
05543 162777 19800000 260.0 0.183 
